527968931890069514
861430636904054804
973600814222430248
1036379962476863608
1043804581416665098
1081902875388690432
1085371297682427914
1088134793742536724
1088159145556971560
1092685545894842368
1100130179210293319
1107385585984868422
1125096178464333844
1131569574832246824
1136397334327066666
669895631757639682
969901169289875466
998168916117442621
1024534623117651978
1038834601948364831
1092211584685850706
1107689145301733416
265574509749207043
447413230911094796
606520635836989480
606775997802741760
755428984501567549
768027056696983602
777082161245192193
863426840081596446
972159858285608970
995263716197138442
1061348317377859604
1066776596716982343
1093212680686407680
1109487891572346980
1110207774639530074
1119714986785259673
1130916636849885234
409832104369586178
490632492701974538
702603412621230091
704043697305682011
751231086717304842
761423122049007649
779494589870505997
805150691911794688
830098180447404084
955059828219318342
958035800463912990
982401764693278720
997565466853769328
1021496863502913606
1029194134520606821
1033534616881070100
1037927157822918666
1056349839060910090
1059969006909530162
1060235805219618939
1062383553586933770
1063001750191214592
1063330674293096448
1066130843812253817
1077905067618877510
1084367607982993428
1089235756222009384
1091486682148261911
1092083023966642239
1092499030975725608
1096830662620758058
1097115382982119484
1100055935210233977
1101801569151897600
1103696406570618965
1104804664093966356
1105146173888679976
1108013969546952747
1109805279438176316
1112719395869949973
1113553050603364363
1114640058792820746
1114640068380995585
1115157398705942590
1119703870017384561
1119917084248383548
1120234857197486090
1122286044285501575
1122567804118376588
1122567815602376795
1122567823445741611
1125428319391858728
1125428328065679443
1129120667149815970
1129120675408380035
1129120681347526778
1130151847248797830
1131247719789379674
1131532193655697459
1131967309649555598
1136820219696910407
1023559927257632810
1023559927257632810
